24447879
25756557
25814648
25863788
25887379
25924930
25953707
25955509
26118835
26122035
26153117
26162536
26212150
26294406
26298543
26323609
26332157
26338274
26360332
26362537
26362897
26381478
26412231
26416658
26419911
26423531
26431580
26445474
26446944
26453003
26458402
26470874
26481486
26482616
26518043
26523620
26542067
26554755
26560892
26562150
26564005
26584714
26587801
26597262
26597290
26602118
26620550
26621545
26625201
26635344
26642859
26648084
26649588
26652414
26653083
26656832
26660684
26673248
26680344
26694973
26700072
26707710
26708430
26711111
26718887
26725749
26727336
26745268
26748178
26748364
26750756
26760233
26765329
26775013
26776154
26784579
26789121
26790774
26797289
26804205
26808524
26808537
26811647
26814968
26819139
26823547
26825579
26826503
26828938
26832504
26832839
26836928
26841720
26844532
26844565
26851393
26852919
26857501
26860237
26862217
26865533
26866270
26872012
26872652
26875463
26876052
26881974
26909081
26917236
26921625
26921946
26923248
26924042
26924526
26924994
26925435
26930587
26931462
26932810
26932858
26934038
26935297
26940096
26945622
26947200
26949512
26953628
26965851
26966693
26968452
26968800
26970487
26973125
26977452
26980708
26983639
26992397
26992575
26994009
26994207
26998101
26999798
27000989
27001953
27002737
27005640
27008424
27010189
27017053
27019601
27020088
27021276
27027948
27027950
27028498
27032505
27033077
27052477
27054177
27057454
27057556
27067888
27070587
27071335
27073331
27076172
27079270
27084117
27090911
27094818
27099672
27106763
27116334
27123349
27124577
27129176
27137807
27140176
27140620
27142006
27143819
27144075
27146314
27146333
27148255
27148897
27153203
27153233
27155927
27161365
27162529
27165305
27169690
27170127
27173493
27174193
27177313
27177867
27184766
27184862
27185471
27186965
27188336
27189736
27192564
27192571
27192965
27211555
27216702
27216740
27221891
27222232
27238498
27239466
27246997
27251171
27258922
27260277
27261363
27268718
27272386
27279492
27286794
27293517
27300755
27301518
27307736
27310254
27310475
27311484
27314477
27314581
27317890
27318275
27324291
27324313
27325672
27327902
27331134
27332733
27338934
27341421
27354477
27362553
27364823
27373644
27375780
27377598
27382024
27386627
27393915
27396170
27411038
27411588
27419833
27420920
27421481
27423153
27424049
27427089
27427874
27430370
27433434
27437200
27441558
27442007
27443978
27444353
27446497
27447115
27453322
27454846
27456476
27456681
27459098
27461731
27462221
27465202
27465274
27466791
27467952
27471743
27479700
27480928
27486090
27486778
27492691
27501468
27502318
27506849
27510325
27512899
27514013
27519280
27524627
27526428
27531054
27533467
27535000
27541826
27542278
27551921
27552547
27556503
27587335
27591257
27591404
27597806
27598300
27600822
27601595
27601663
27608341
27609608
27610393
27618897
27619514
27621861
27622039
27624508
27629781
27630309
27638909
27640347
27641425
27653240
27653505
27654936
27658867
27659281
27660456
27661555
27667490
27677903
27681432
27681670
27688296
27690724
27692611
27692897
27693081
27694988
27698473
27699491
27699546
27701885
27705790
27707005
27708645
27718206
27721862
27726027
27726306
27731375
27735034
27736269
27737889
27743290
27744182
27753739
27756543
27757308
27758892
27759703
27761492
27761684
27761810
27763731
27765666
27773694
27774116
27777238
27777881
27780415
27780940
27783037
27783592
27784392
27788288
27790282
27795414
27796295
27800120
27805593
27807836
27815483
27815880
27816363
27816648
27817110
27818661
27821717
27822074
27827471
27830060
27833444
27837652
27838002
27844180
27844213
27846736
27848181
27851987
27852850
27861922
27864898
27866156
27872210
27872864
27874963
27875565
27875619
27879135
27881039
27882489
27900765
27906698
27906979
27907065
27907076
27908847
27915033
27927165
27930600
27933679
27934883
27939824
27943192
27976801
27981054
27987042
27990287
27994647
27995553
28000304
28002184
28008905
28012149
28017659
28039964
28043301
28044388
28050510
28052939
28057902
28060011
28060131
28062695
28062939
28068238
28073885
28076364
28076416
28079718
28083518
28084321
28096232
28096407
28098061
28103115
28103322
28105230
28106273
28109003
28111215
28115395
28116319
28118635
28121247
28122397
28122485
28126697
28127896
28129526
28129747
28133459
28143491
28143792
28148797
28152592
28153782
28159893
28159902
28161637
28174424
28178663
28185854
28189704
28190519
28207031
28207053
28210641
28213500
28214689
28214979
28236533
28237179
28239073
28242998
28245371
28261336
28263515
28263993
28270182
28270408
28272391
28274484
28274999
28275192
28289064
28292730
28293753
28296156
28298232
28303346
28303969
28314237
28315070
28317313
28317931
28321213
28324162
28325214
28326636
28328762
28331083
28332095
28333090
28343272
28346793
28350985
28358226
28358700
28365456
28367174
28368308
28370374
28371513
28373874
28374831
28378292
28378566
28379343
28379630
28380208
28385616
28386259
28390247
28391979
28394815
28406322
28408221
28408901
28416599
28422079
28422993
28423485
28424368
28428890
28430300
28441386
28443241
28446910
28448948
28455246
28456637
28459527
28471481
28474967
28475307
28476501
28476637
28483525
28489883
28494265
28498861
28500071
28504206
28506643
28507131
28507790
28512045
28515043
28515953
28527629
28534855
28536901
28538178
28539409
28539586
28540131
28541182
28542336
28542817
28543773
28547757
28548121
28550450
28552269
28552541
28553187
28553618
28554055
28559148
28559653
28561248
28561324
28564610
28567239
28570612
28583072
28583307
28586276
28599865
28599891
28600292
28610481
28619392
28620385
28623803
28625643
28625797
28626941
28630072
28643898
28653454
28654055
28658551
28662879
28664941
28666757
28673477
28673572
28676349
28677507
28684130
28685257
28686740
28700910
28708884
28709486
28710472
28713624
28713999
28714337
28720421
28721213
28725161
28729358
28733470
28733791
28733990
28735232
28736137
28737771
28742291
28744022
28746185
28747624
28748192
28750661
28753982
28756303
28759565
28759640
28761820
28762484
28765966
28766553
28768978
28770171
28770363
28774470
28774790
28776281
28780990
28784925
28789840
28790844
28794469
28801931
28808328
28810742
28817838
28818508
28818525
28820025
28821659
28822002
28824439
28827353
28830501
28834554
28835502
28837205
28838149
28839508
28842720
28844150
28845433
28845972
28852008
28855931
28856181
28859291
28860939
28861713
28864475
28866690
28870510
28871566
28873368
28879898
28883547
28884504
28886201
28892571
28894001
28898985
28912507
28912595
28913908
28914333
28915910
28919377
28919396
28920002
28923314
28928485
28930616
28931830
28931892
28931895
28935892
28938194
28941770
28944992
28952521
28955975
28956907
28958469
28966459
28968461
28972090
28978133
28978689
28982550
28989006
28989957
28991130
28993766
28994094
29020508
29020639
29020883
29022493
29023096
29023701
29024606
29029550
29033939
29038433
29038537
29039568
29046675
29054116
29054600
29058760
29063326
29069812
29072129
29081352
29088734
29089616
29092006
29093651
29094350
29096743
29098361
29098541
29103060
29107213
29109767
29125648
29125981
29126939
29137202
29138405
29138503
29139140
29142130
29143151
29143824
29145213
29147723
29154769
29157020
29158050
29158360
29158685
29167320
29168251
29175091
29175267
29179764
29180394
29182594
29188369
29189887
29199508
29202246
29214087
29214393
29217585
29219146
29222823
29225841
29227077
29229779
29231967
29233211
29237776
29240011
29240846
29241377
29243107
29246599
29254979
29255346
29258079
29262880
29266448
29269807
29275390
29275872
29276316
29284605
29286135
29286473
29291033
29299929
29302256
29305966
29307569
29316976
29321374
29329223
29330527
29333597
29335928
29336433
29336777
29339428
29339564
29343554
29344407
29345362
29353872
29355919
29358974
29360100
29361886
29363732
29364567
29365042
29374079
29376454
29377247
29379093
29385069
29385144
29387414
29388109
29390269
29395074
29397835
29399697
29401617
29411460
29413889
29415889
29416041
29422597
29422602
29425516
29433834
29437053
29455069
29465257
29468660
29473485
29476183
29476350
29479352
29480859
29487380
29487850
29487871
29489977
29497558
29500536
29503199
29506937
29508185
29508899
29512223
29512872
29513412
29513758
29514899
29515445
29519752
29520027
29520318
29521042
29525403
29525831
29526334
29526696
29527206
29532894
29538403
29542132
29549325
29549514
29551338
29559971
29560522
29567213
29568119
29577044
29577151
29579848
29580944
29587222
29593456
29599139
29607828
29610174
29616857
29620631
29624589
29625541
29628261
29630538
29632370
29645082
29657405
29657758
29659599
29664020
29668913
29670624
29672928
29678298
29680397
29681820
29681823
29681996
29683271
29683392
29684112
29686414
29686685
29688953
29695326
29699723
29700396
29701914
29702691
29703151
29704571
29713373
29719539
29720199
29721667
29728662
29736246
29738271
29739366
29743906
29744928
29749329
29749698
29750638
29760705
29769621
29772063
29775027
29776443
29782877
29783150
29787919
29790184
29793586
29794562
29795418
29800227
29801753
29846681
29847182
29854610
29854889
29855695
29866495
29867961
29867994
29877199
29882279
29885959
29885992
29888507
29888958
29889515
29891903
29893770
29895625
29904108
29910803
29912452
29914020
29915594
29921749
29923368
29929357
29931171
29934438
29940495
29946782
29949638
29950924
29951051
29959468
29962507
29966014
29966370
29966448
29967089
29967365
29976209
29977747
29981706
29982279
29986768
29988729
30001404
30002836
30007546
30008845
30008901
30010135
30010214
30011834
30011893
30013446
30021208
30025488
30031020
30033444
30034932
30035318
30038380
30040259
30043854
30046006
30053212
30057016
30059078
30069490
30072366
30073881
30078563
30083074
30086354
30086561
30090932
30091933
30093715
30100393
30105139
30113067
30114629
30124506
30134240
30143393
30147442
30155658
30156548
30158938
30165871
30166561
30171767
30178304
30186548
30189467
30190369
30191400
30195608
30195918
30213730
30217473
30221532
30222063
30222077
30223257
30224377
30226583
30231068
30232127
30241811
30242794
30243944
30243982
30244981
30245388
30247799
30248228
30250538
30257323
30258731
30266676
30268541
30268986
30270105
30273736
30285677
30288366
30289149
30292011
30295244
30296420
30297706
30299483
30304478
30310086
30311182
30314337
30322801
30324091
30324231
30325259
30327668
30328727
30335973
30346801
30347603
30347676
30356161
30356257
30357811
30357935
30361911
30364428
30368005
30368143
30368555
30374343
30375452
30375672
30376005
30378264
30380823
30382818
30383313
30388926
30389174
30390560
30391857
30393175
30395629
30399156
30400266
30402329
30404927
30406027
30406831
30408799
30410026
30415234
30417161
30420758
30424940
30429277
30429668
30439423
30445232
30446683
30448403
30449118
30449299
30452386
30455104
30455930
30456168
30459762
30461050
30463060
30463730
30467419
30472699
30473780
30481495
30481570
30488197
30488435
30496930
30502562
30508304
30508560
30509386
30525483
30526691
30526900
30530780
30535706
30537809
30543421
30545898
30548563
30551385
30556045
30559323
30559744
30561664
30564463
30566887
30568448
30569594
30570345
30575306
30580150
30580619
30582410
30583465
30584969
30587340
30588170
30592160
30592636
30592943
30593907
30594166
30594621
30595967
30596168
30598826
30602705
30604316
30606692
30609588
30610163
30610165
30614636
30619752
30621547
30622121
30622667
30622744
30624806
30625198
30630772
30632647
30637715
30639569
30641319
30648449
30648914
30655556
30656276
30657613
30659906
30660832
30664774
30666250
30666298
30673631
30674616
30683115
30685441
30687378
30690050
30697210
30701885
30709740
30714991
30715917
30719712
30724716
30725412
30733722
30734643
30736731
30740053
30740108
30741325
30745181
30753271
30755515
30760268
30765224
30773525
30775877
30781721
30782737
30783994
30784101
30788169
30799229
30802444
30804417
30819430
30821017
30827461
30828155
30832381
30835964
30840968
30842615
30845302
30846484
30846829
30846987
30857516
30858620
30864862
30865794
30865898
30867509
30869034
30873154
30875496
30879764
30880949
30886419
30887654
30889987
30898822
30900446
30902844
30911278
30914281
30917625
30917696
30919353
30924422
30924740
30925321
30927660
30929031
30929215
30930152
30932419
30939862
30942219
30945491
30946095
30947243
30951885
30953745
30955869
30958439
30959002
30963799
30965917
30966075
30969456
30969795
30969810
30970258
30971500
30983406
30983975
30984348
30987186
30993311
30994266
30995868
30996579
30999035
31000624
31001285
31001458
31003957
31005041
31005722
31007874
31009856
31015307
31017099
31022428
31029050
31029915
31034691
31035724
31043667
31046541
31050355
31051073
31058072
31062686
31065249
31068361
31070990
31072844
31076058
31076404
31079803
31081801
31085351
31086765
31088761
31092731
31102075
31106906
31107301
31109007
31111537
31115868
31119051
31119137
31126067
31126348
31126960
31127651
31131994
31133440
31133990
31136634
31137229
31138895
31141854
31142630
31142665
31143491
31145609
31147935
31155318
31158413
31160207
31167719
31168001
31172450
31172847
31172908
31189108
31189310
31190782
31195121
31200071
31202359
31202654
31208297
31210415
31210425
31210814
31221425
31225929
31226699
31229354
31230071
31232961
31233169
31233342
31236295
31237860
31241172
31244005
31253599
31254443
31260335
31262260
31263280
31265968
31266805
31268904
31272097
31272717
31275986
31276257
31281565
31282108
31282747
31283964
31285321
31285802
31287404
31288712
31292250
31293733
31297293
31303680
31309123
31312182
31317932
31319147
31321893
31322540
31326279
31329390
31331972
31332244
31334631
31336145
31336648
31341219
31353240
31356934
31357380
31358311
31358996
31359504
31366051
31366909
31367039
31367941
31371700
31379749
31379875
31383251
31384440
31390832
31393734
31394100
31401201
31404747
31407674
31410980
31412256
31412561
31415587
31415922
31416681
31423401
31427097
31427546
31428102
31432839
31440377
31443313
31444126
31445704
31447000
31447776
31450712
31451660
31453630
31454811
31455667
31467455
31473250
31473471
31473818
31474499
31481482
31482761
31489117
31495497
31498939
31499109
31501410
31507589
31508329
31510063
31511323
31518490
31523435
31530198
31530773
31531392
31531895
31534626
31536875
31539158
31540116
31549202
31550007
31552013
31552034
31552045
31552142
31552302
31554204
31555483
31559654
31562360
31571584
31575949
31576207
31577143
31578868
31580408
31588119
31588917
31589168
31595162
31597639
31597842
31611396
31618651
31620123
31626125
31629005
31629901
31631148
31632394
31632399
31632414
31636458
31639106
31648117
31649362
31650720
31657347
31664114
31666048
31669202
31672644
31673378
31675492
31681411
31684807
31687861
31690325
31691682
31696801
31698571
31701469
31707036
31710223
31713432
31728828
31729978
31730616
31733075
31733518
31734892
31740614
31749632
31756216
31757864
31758425
31761658
31772434
31777023
31779971
31780582
31787468
31788580
31788795
31792348
31793881
31795714
31796517
31797153
31805875
31811120
31813112
31818495
31819653
31826982
31832276
31832921
31833842
31836541
31837380
31844895
31847543
31852112
31852321
31853271
31854976
31857221
31858717
31859805
31861691
31865178
31868176
31872318
31878068
31882334
31884793
31889093
31891360
31894252
31897157
31898679
31902115
31905599
31911547
31913123
31919781
31926295
31931725
31933251
31933992
31936602
31936865
31937074
31939252
31941829
31947219
31948564
31954492
31955848
31961708
31964918
31966540
31966752
31968247
31970173
31976191
31978797
31979136
31985181
31988345
31989843
31998317
31999054
32006418
32009956
32009962
32011864
32013171
32017185
32020034
32020055
32022317
32023327
32023856
32032475
32032773
32032980
32033066
32033557
32038612
32042104
32051094
32051663
32052244
32053415
32054116
32062611
32065634
32066949
32071158
32075506
32080807
32083752
32085712
32088306
32089766
32090114
32092134
32099557
32103948
32104116
32104377
32107212
32111619
32111929
32114604
32117582
32133005
32141867
32144206
32146432
32158312
32161123
32165590
32170377
32171309
32173382
32175217
32183437
32184241
32187515
32187833
32191754
32197620
32200310
32203966
32206459
32207415
32210612
32211332
32231450
32242330
32253510
32254975
32258414
32262998
32265899
32278827
32278833
32281043
32281420
32293192
32294235
32296436
32298334
32300392
32306522
32315771
32325405
32327990
32334794
32346916
32352186
32355275
32358573
32359992
32363119
32364519
32367674
32370519
32370596
32372305
32383885
32385712
32386072
32386245
32389428
32392463
32401416
32407718
32425945
32427833
32431230
32434839
32436996
32439475
32442782
32451454
32452475
32457102
32457450
32459472
32460325
32463827
32470542
32471703
32489308
32494300
32498841
32501838
32508145
32512500
32515659
32517848
32524640
32529556
32533056
32536917
32539797
32541562
32542935
32544579
32545390
32548165
32550864
32550901
32557623
32563943
32564263
32564279
32565617
32567721
32568235
32570174
32571632
32575983
32576138
32579271
32580238
32580358
32587653
32587838
32590282
32598482
32602764
32605755
32606664
32607879
32608421
32610144
32613447
32615889
32616758
32620126
32621397
32635910
32640221
32641384
32645044
32650465
32654000
32657343
32659030
32660441
32661361
32662551
32662817
32663195
32668259
32669642
32670283
32670561
32671117
32673565
32673638
32677886
32678310
32682903
32683336
32689856
32690852
32698121
32699904
32703960
32712375
32714330
32719676
32724393
32732430
32732863
32733487
32734035
32734734
32741742
32744749
32745575
32746467
32747419
32747421
32747818
32750899
32751129
32754533
32758106
32759971
32761659
32762049
32764419
32768237
32777012
32777293
32785680
32786261
32791198
32791348
32798211
32798494
32800428
32801336
32805695
32807715
32807891
32811277
32811463
32818814
32830899
32831073
32831163
32840576
32841647
32848245
32848455
32849548
32849555
32849595
32849649
32851093
32855397
32859708
32866841
32867061
32876675
32877161
32877229
32887613
32888812
32889697
32893887
32897958
32899191
32900662
32900953
32905851
32907369
32907370
32908299
32909660
32912860
32913188
32916236
32916458
32918749
32919101
32919627
32927275
32934881
32936048
32939327
32946928
32948055
32954852
32960815
32964315
32966792
32967277
32967765
32976902
32982939
32983229
32985047
32988401
32994321
32995149
32995564
33002030
33003969
33005912
33010787
33011298
33013393
33015703
33016926
33022220
33022372
33023028
33029793
33029972
33030400
33031009
33033003
33035507
33036231
33036475
33040789
33044378
33046088
33046640
33050014
33051165
33060057
33063096
33064706
33069810
33070375
33072571
33075445
33077646
33080067
33081820
33099216
33103044
33103268
33109036
33109189
33112182
33112210
33115854
33117360
33118105
33118738
33119742
33121071
33128355
33130063
33130686
33133083
33134907
33139155
33139936
33141818
33149178
33154392
33162498
33162988
33167415
33169618
33171113
33177203
33178695
33181933
33182034
33182063
33184506
33188257
33189843
33194678
33196122
33197125
33205458
33205813
33208827
33217825
33219548
33219695
33221134
33224537
33236624
33236983
33237834
33238712
33242568
33245891
33254082
33260687
33275926
33277375
33277657
33278390
33281757
33296479
33296659
33301461
33301708
33302343
33302596
33304977
33305184
33307344
33309852
33312067
33317577
33322482
33324397
33326310
33328394
33328996
33330040
33330963
33331817
33335929
33336554
33343631
33350431
33350549
33352468
33353987
33359760
33361702
33363157
33369145
33369607
33375366
33376153
33376523
33376684
33377274
33380171
33380328
33382390
33384157
33386257
33387360
33387444
33390590
33394200
33394381
33397212
33407124
33410096
33413340
33416999
33422989
33424845
33426985
33427003
33427970
33428582
33429687
33432649
33433312
33439897
33442357
33444859
33450836
33457095
33461014
33461057
33461606
33462208
33463373
33467866
33469015
33478491
33479582
33482168
33486661
33488600
33488626
33497356
33506054
33515805
33516773
33517288
33523871
33524421
33552611
33556711
33565154
33566253
33572704
33573095
33573291
33578085
33579803
33585591
33592778
33593150
33593559
33605979
33609026
33612745
33614665
33615350
33616474
33617879
33617894
33628620
33631223
33632266
33635925
33636129
33638568
33640969
33646767
33647256
33650920
33658393
33660295
33662277
33664742
33664744
33665662
33667349
33668568
33672529
33673566
33678280
33678743
33679878
33683460
33684607
33686019
33710305
33713321
33713887
33717056
33717080
33717594
33725242
33727921
33728017
33728838
33733639
33737406
33740009
33747955
33748286
33749340
33749591
33750068
33752235
33758366
33761599
33772853
33776989
33783643
33786584
33789994
33791217
33793112
33795689
33796112
33796257
33798909
33804386
33805758
33807229
33811105
33811555
33815353
33822097
33833753
33845749
33848027
33852179
33855972
33856094
33856447
33862101
33863719
33868608
33879037
33880486
33886668
33887374
33888901
33911709
33912192
33917291
33919687
33925565
33930934
33936739
33939431
33941658
33942997
33947369
33947611
33953729
33957839
33964501
33964831
33966175
33968084
33968545
33968825
33968834
33971160
33972667
33974295
33974706
33980752
33990375
33995373
33998250
34006350
34006522
34006909
34011400
34011962
34012247
34013757
34014636
34016898
34024810
34026603
34028815
34029942
34032185
34032276
34037806
34043012
34047941
34056115
34060130
34063804
34066427
34066885
34069719
34071550
34071589
34072782
34077009
34079557
34081703
34082025
34083966
34084176
34087988
34090459
34091115
34093454
34097470
34103823
34108140
34108962
34110712
34111575
34114910
34116028
34117933
34119082
34122452
34123024
34123093
34123574
34125100
34125599
34136382
34144605
34144678
34144987
34156028
34157301
34160092
34162725
34163471
34166229
34166649
34171401
34174469
34174964
34175498
34176492
34177920
34191528
34192268
34194878
34195682
34196628
34199259
34203136
34204327
34206836
34208705
34209508
34209679
34214050
34218354
34220307
34225733
34226527
34230608
34234777
34235864
34237130
34237703
34238598
34244314
34251350
34255276
34257600
34260883
34260917
34264458
34269457
34276642
34276679
34277108
34277404
34277466
34282329
34287665
34289331
34290795
34292606
34293400
34298587
34298833
34300198
34301321
34303080
34303556
34307177
34309064
34311028
34311309
34319496
34324838
34326112
34329647
34332740
34336121
34337835
34338007
34339269
34343536
34343729
34347737
34348873
34353071
34358448
34358629
34360549
34360744
34374349
34378979
34380060
34383985
34384863
34385682
34389805
34408098
34408465
34408824
34411302
34416391
34418538
34419616
34423758
34430064
34432610
34439638
34440775
34442762
34445504
34446133
34451632
34452897
34452928
34453205
34460103
34462572
34464154
34464357
34465804
34468146
34469720
34471427
34472718
34474439
34476808
34478890
34481812
34482015
34482671
34483900
34486255
34486263
34487137
34489430
34494495
34496879
34497383
34497606
34499169
34502080
34503087
34503922
34504886
34506938
34508169
34511022
34511582
34522906
34527431
34532040
34532285
34532871
34534458
34536516
34536536
34538569
34539656
34543639
34545576
34547720
34549658
34551968
34552797
34552816
34553038
34555019
34557110
34564576
34568831
34569248
34572728
34572999
34575476
34576321
34580330
34582554
34591596
34591804
34593600
34595091
34595426
34597790
34600235
34603322
34603337
34605267
34607530
34608897
34609409
34611226
34619121
34621800
34623320
34623347
34627584
34632253
34632552
34634453
34659213
34659650
34659910
34669564
34674209
34674609
34682161
34684235
34687487
34691077
34693296
34695715
34696961
34710645
34710807
34713310
34714558
34715449
34718451
34719842
34722011
34722279
34723002
34723399
34724567
34728845
34733174
34733291
34735918
34737133
34740859
34750369
34750982
34757434
34761177
34762836
34763973
34764043
34765652
34766298
34768491
34768756
34769141
34771556
34771596
34775290
34778897
34783871
34784792
34789625
34790797
34793507
34793530
34795007
34803962
34807933
34811894
34813501
34816102
34818337
34818534
34820059
34821038
34826802
34829656
34833468
34834244
34834950
34840533
34843735
34849955
34851871
34859617
34859659
34863827
34866030
34866338
34867954
34870643
34872003
34877710
34879742
34884897
34884938
34885964
34889422
34890822
34895083
34898565
34899362
34899742
34901735
34903219
34906191
34910240
34910919
34911286
34913510
34916358
34916399
34922828
34925720
34926251
34931553
34932374
34932795
34933162
34934147
34935764
34939038
34939255
34942304
34944421
34946658
34953396
34953790
34954398
34955553
34957118
34964443
34965367
34970268
34971436
34977984
34982196
34984340
34987065
34989013
34989828
34990842
34991455
34992510
35000932
35001641
35002734
35003513
35003980
35004731
35006020
35008752
35013257
35015148
35021600
35022195
35032575
35036031
35040777
35042228
35044655
35045565
35047509
35049204
35052589
35052842
35054579
35056712
35058428
35059960
35061007
35066229
35066544
35069541
35069851
35073200
35073561
35073923
35075604
35076063
35076750
35087114
35088943
35091336
35091527
35092865
35106220
35109670
35110242
35110727
35112125
35114352
35116697
35119005
35120605
35124591
35126000
35128378
35130729
35133647
35146361
35148535
35150777
35154074
35158452
35169260
35177831
35178897
35179201
35179662
35180397
35182360
35194974
35199542
35201647
35203281
35205318
35206797
35209828
35214796
35215917
35217666
35220962
35222249
35223192
35223835
35224154
35225125
35226419
35226764
35229680
35230712
35230853
35233733
35236820
35237973
35240902
35241563
35242524
35247887
35248938
35250627
35251045
35251639
35252469
35253989
35254033
35258455
35263569
35268238
35269441
35269621
35280987
35281822
35282381
35286184
35300802
35303369
35305718
35308832
35309379
35314883
35314999
35327438
35332318
35335079
35337341
35344477
35346491
35350744
35356272
35357653
35358193
35358902
35359943
35361651
35371305
35377068
35379738
35386663
35387564
35395371
35395412
35402515
35418058
35419134
35421841
35429729
35433509
35435059
35437325
35439579
35451537
35452517
35455931
35459226
35461173
35464862
35467260
35473801
35480230
35481602
35486718
35489983
35490541
35490714
35494886
35500223
35501145
35503707
35503708
35507773
35510386
35513230
35522155
35533294
35534879
35536009
35537851
35540407
35540422
35546698
35550241
35559799
35560971
35568718
35571048
35571109
35572544
35572575
35572697
35580411
35594186
35594827
35603910
35603986
35606403
35606465
35611697
35612748
35625578
35625939
35628381
35631072
35633668
35637050
35642210
35642329
35644780
35663104
35666642
35666808
35670706
35671746
35675127
35681430
35681505
35683013
35687687
35689956
35691449
35706327
35706828
35708908
35719343
35719345
35722394
35724455
35729495
35732991
35734179
35734188
35738628
35743401
35747137
35748951
35748981
35750334
35750337
35751629
35754396
35757695
35757735
35766906
35767111
35770801
35772676
35773544
35776050
35776332
35778693
35780190
35782170
35782613
35788348
35790881
35791696
35792270
35792343
35796490
35800988
35806301
35807916
35812378
35815433
35818151
35831683
35837382
35843053
35851547
35852851
35853413
35860216
35861213
35868596
35869311
35873103
35873441
35890259
35892120
35900485
35901336
35901359
35913114
35922227
35922367
35924239
35933049
35935969
35938581
35949890
35954209
35954358
35959841
35966810
35967308
35967439
35967555
35973805
35976468
35982155
35983919
35984149
35989682
35990682
35990703
35992294
35994329
36000775
36003885
36008542
36008984
36009551
36044861
36047139
36049539
36054143
36059475
36063971
36064707
36074423
36075109
36076931
36078057
36078462
36081525
36091018
36091646
36100308
36101893
36110859
36115544
36116427
36117137
36119056
36124007
36137543
36142688
36145413
36146622
36146836
36147188
36147316
36150219
36152517
36152599
36155863
36158348
36161692
36162802
36173473
36177004
36177012
36179986
36182875
36183858
36186463
36188567
36189219
36190140
36195882
36197153
36198557
36199077
36202985
36203443
36205399
36217453
36219684
36220126
36223722
36224633
36231010
36234967
36239667
36239683
36241929
36243721
36247464
36250999
36254185
36257553
36259807
36262998
36264242
36268115
36270837
36272585
36275707
36275746
36281298
36292049
36294634
36295095
36303835
36303841
36310401
36311729
36314479
36315280
36318663
36323738
36324813
36325334
36325635
36326540
36326691
36329460
36331674
36332465
36337064
36342751
36343299
36346184
36347039
36349793
36352881
36353531
36366816
36373232
36373305
36375838
36380144
36380402
36383676
36386016
36386449
36386553
36386640
36387147
36394096
36394150
36394299
36395832
36395977
36398225
36406275
36409219
36410276
36411190
36411825
36411843
36413432
36419389
36422610
36424375
36436892
36437745
36437952
36442969
36444502
36445121
36454941
36462503
36466877
36466897
36468035
36471694
36473624
36480268
36494467
36496436
36499393
36502619
36505092
36515749
36517469
36518425
36526177
36527817
36529254
36539395
36545211
36545659
36545841
36547187
36551158
36551331
36553530
36555898
36560539
36569147
36571279
36575012
36583569
36585195
36585721
36587109
36587162
36588579
36594661
36595919
36603378
36605426
36606241
36608122
36609531
36609561
36609566
36628284
36630565
36631020
36633324
36635689
36643922
36648440
36658478
36661889
36662401
36670069
36670824
36671593
36674886
36679900
36682340
36685506
36689027
36690055
36693154
36695731
36699399
36702520
36702831
36703974
36710721
36711007
36712843
36713683
36723274
36723505
36726575
36726864
36726938
36728001
36728290
36732449
36734983
36735903
36736159
36736950
36741689
36746004
36746673
36749248
36754406
36754416
36761167
36765569
36766798
36767878
36768162
36775311
36776744
36776908
36778155
36781088
36786768
36796462
36798126
36799196
36803518
36807140
36809372
36810474
36810951
36811800
36813838
36817439
36823235
36824339
36829793
36830666
36831375
36831430
36835986
36836776
36841487
36841937
36842313
36842455
36844454
36848241
36854534
36861411
36862179
36868479
36874224
36874426
36875136
36881618
36883586
36893736
36893853
36899036
36900498
36902060
36902242
36905965
36915938
36918834
36920122
36921490
36924769
36935342
36942043
36949660
36958054
36959733
36963665
36967748
36968601
36972404
36972571
36976921
36977771
36978377
36983651
36988119
36990093
36992331
36994911
37002628
37010787
37016095
37017288
37023126
37023503
37023939
37026212
37033969
37034898
37035364
37039646
37049549
37051250
37056478
37058933
37069207
37069732
37071263
37072065
37072246
37072512
37078586
37080090
37081887
37089775
37092584
37101005
37105392
37106564
37121407
37123659
37124148
37126659
37129757
37132394
37133263
37139035
37141387
37142866
37143745
37143942
37145994
37146127
37146750
37154396
37159698
37165082
37165883
37168698
37171619
37175693
37180837
37181838
37181989
37182728
37189345
37191113
37192001
37192746
37195082
37195124
37196206
37201255
37211059
37215580
37217153
37217187
37218478
37219028
37219940
37220462
37231494
37232553
37235047
37235434
37239199
37239872
37241544
37243272
37245415
37247640
37252896
37258787
37260032
37267514
37274023
37278449
37285035
37287968
37290291
37291420
37292462
37295949
37303674
37304868
37307443
37309343
37310613
37313922
37314387
37316579
37324781
37330368
37333821
37336116
37339679
37340787
37342351
37343134
37346794
37349153
37349991
37351346
37352143
37352926
37352927
37354911
37357254
37358215
37358490
37363103
37365464
37367976
37369196
37370180
37376159
37382009
37382893
37390223
37391405
37393720
37399491
37399604
37402337
37420122
37425411
37433004
37433192
37438653
37444420
37444560
37445333
37445825
37450602
37459189
37459192
37459248
37461808
37467564
37476068
37481543
37482968
37485696
37486980
37487374
37488074
37488844
37493238
37503840
37507719
37515141
37515143
37515321
37516042
37516395
37516525
37528458
37532135
37535035
37536656
37541972
37542585
37545697
37547071
37549970
37550555
37554326
37555013
37560375
37561194
37572818
37575179
37576759
37579158
37582989
37587844
37596731
37596966
37597440
37604786
37605895
37608767
37612877
37615967
37625401
37625662
37625672
37631062
37632217
37636037
37636093
37637043
37638687
37638696
37639125
37640149
37647388
37648020
37648793
37649552
37649613
37652314
37652986
37657958
37670810
37671094
37674103
37681931
37683981
37685260
37685902
37686271
37686613
37693623
37694593
37696984
37699391
37703130
37705482
37705739
37705982
37708888
37711622
37714226
37715222
37716347
37717999
37721405
37722943
37724936
37735154
37735593
37744265
37746400
37747585
37750536
37751283
37760832
37762967
37763903
37768887
37770136
37773612
37773661
37779442
37781035
37791752
37792212
37799110
37799431
37805138
37806131
37808283
37808600
37809082
37816015
37816745
37820540
37828842
37831576
37835514
37835566
37837379
37837939
37859685
37862735
37867036
37869487
37873032
37875584
37876080
37878760
37889750
37896879
37898291
37905387
37908671
37908873
37910485
37910623
37916861
37920062
37921808
37924669
37929941
37933943
37944684
37949065
37950958
37951218
37951502
37952871
37955460
37955584
37956179
37958527
37958573
37961036
37962585
37963457
37963636
37967533
37970548
37979077
37979663
37981232
37982587
37992587
38002307
38003518
38009667
38009911
38012962
38013170
38019344
38020614
38024237
38030522
38031173
38031350
38035776
38038390
38038481
38042769
38042786
38043737
38047087
38054365
38055119
38055375
38056805
38058063
38058823
38060449
38064119
38066626
38068740
38076128
38077298
38082156
38085034
38085354
38086275
38087680
38093197
38093583
38098481
38099309
38102622
38109551
38122992
38130781
38132177
38133338
38141460
38141764
38147915
38148030
38148114
38149979
38150112
38151013
38151119
38156376
38159214
38160480
38160508
38162500
38166493
38168737
38169281
38170778
38179241
38187494
38194268
38194681
38204481
38206706
38211935
38213382
38216095
38225555
38225784
38226155
38227612
38229191
38232791
38236930
38238980
38240989
38244423
38246610
38250929
38254683
38254822
38255842
38257819
38261753
38269002
38270241
38275217
38280914
38290442
38290801
38290937
38291041
38292129
38302650
38313233
38313999
38317886
38320997
38324125
38332896
38335121
38339136
38346420
38353543
38359460
38363944
38370415
38370890
38373843
38374230
38374573
38378820
38385578
38391126
38395090
38404120
38406519
38410760
38416085
38421714
38426888
38427765
38434702
38439718
38442142
38442986
38444007
38444113
38463887
38464590
38468313
38471291
38472402
38474078
38474762
38478347
38481438
38482407
38485838
38493479
38493670
38493914
38494411
38506996
38508620
38511768
38513657
38517153
38518650
38520688
38521200
38527308
38531460
38532505
38534377
38534380
38540672
38543913
38546079
38549116
38554155
38555506
38557650
38558028
38560720
38563763
38564411
38565142
38565249
38566201
38567724
38572323
38575213
38576381
38579449
38584461
38593708
38596304
38599163
38600854
38605951
38607260
38608841
38609074
38609465
38620074
38623243
38626218
38626388
38627790
38629312
38629411
38632130
38633152
38638908
38642085
38644978
38647522
38648765
38650005
38660418
38663041
38669353
38673836
38681898
38684719
38686704
38689122
38690831
38692080
38696351
38698960
38702223
38702733
38708886
38711159
38711517
38712482
38713235
38720892
38723807
38728650
38731855
38732603
38734636
38739715
38747974
38755265
38761490
38765790
38769482
38771378
38772877
38782587
38789829
38790897
38794825
38795022
38799443
38802724
38806890
38807194
38809650
38811379
38812298
38813101
38819184
38820947
38822532
38824434
38825653
38825657
38831163
38837745
38838016
38850248
38852317
38855709
38861351
38863711
38864239
38867038
38871810
38873097
38874268
38876381
38878763
38878943
38880650
38882588
38882999
38883351
38884056
38885172
38888430
38888597
38890054
38895099
38898027
38898033
38899746
38908080
38911066
38914918
38919406
38920352
38920637
38922041
38922081
38922312
38924195
38928073
38934659
38938010
38938417
38939191
38939518
38940905
38945560
38945629
38947992
38952609
38955508
38960787
38970645
38971111
38977113
38977917
38982209
38985447
38988627
38991123
38991955
39004229
39011268
39011810
39013959
39018133
39018359
39019404
39029027
39036291
39040440
39044066
39046361
39046783
39049538
39052738
39053817
39053858
39054357
39056179
39056205
39062811
39065638
39066167
39067402
39070537
39072285
39072415
39083438
39084575
39086465
39089333
39089753
39090984
39094330
39096399
39100322
39101178
39104474
39105761
39116843
39117811
39119813
39125920
39126102
39135008
39141479
39143370
39150777
39150956
39151256
39153145
39154274
39161543
39162025
39164324
39164354
39165613
39169951
39171400
39176939
39177285
39182680
39185748
39187056
39197919
39204268
39211981
39214029
39216604
39219501
39221205
39222637
39227720
39233289
39233380
39238504
39241059
39241963
39248106
39253357
39255000
39255734
39255736
39255833
39258802
39259722
39265788
39268080
39273403
39273657
39275983
39276260
39279442
39285456
39290703
39291738
39292564
39306365
39306654
39313567
39315279
39315589
39316206
39316271
39317042
39329767
39337675
39337677
39339865
39339899
39341987
39342798
39348052
39349005
39349664
39354625
39357512
39359771
39367328
39368015
39369786
39372398
39373199
39382276
39388045
39389528
39394435
39396554
39397477
39401162
39401910
39403485
39406392
39409117
39412337
39416843
39422389
39424727
39427431
39429267
39430253
39432871
39441646
39446870
39455952
39456523
39456863
39465031
39471499
39476516
39486655
39490535
39496799
39502263
39505379
39508149
39518135
39533566
39534532
39536931
39537105
39542199
39543829
39549612
39554587
39557074
39560568
39564119
39567394
39569324
39572534
39572543
39575505
39577752
39578425
39584290
39585848
39589548
39589880
39592038
39598816
39600941
39601822
39602063
39604504
39605043
39607218
39615106
39622903
39625587
39628301
39628483
39631699
39637309
39637788
39643071
39644208
39651421
39657111
39658657
39666232
39674706
39675043
39685563
39687397
39689089
39692783
39693598
39696592
39696713
39705813
39707917
39708328
39717480
39717490
39720407
39722070
39725584
39725776
39731600
39734474
39736493
39739902
39743633
39745905
39749265
39751847
39752014
39753537
39753685
39755279
39755866
39756209
39756577
39756671
39766188
39767624
39772395
39774261
39791458
39796183
39796668
39804109
39810651
39816132
39817852
39823318
39823688
39824849
39826542
39827729
39828163
39831818
39836190
39836852
39841451
39842264
39854617
39870316
39872076
39874450
39875519
39877089
39877368
39879553
39880074
39882556
39882663
39882751
39891095
39891270
39891368
39892391
39892658
39893505
39899926
39903243
39904363
39915602
39919626
39922245
39927235
39931853
39933264
39938480
39938670
39941313
39947668
39947696
39948382
39948781
39950487
39951862
39952341
39953528
39956402
39961406
39962075
39973753
39974426
39979071
39984367
39985727
39988346
39989458
39990012
39991010
39991197
39991657
39994946
39999302
39999881
40010348
40011298
40020121
40023582
40027315
40030053
40033083
40034561
40041782
40042127
40047476
40048515
40049520
40051066
40052499
40054113
40056704
40058939
40060763
40063635
40065831
40068593
40070405
40072523
40073149
40074250
40076750
40084746
40089538
40089963
40094062
40100581
40100609
40101142
40107240
40107467
40110185
40112696
40116561
40116924
40118926
40127631
40132045
40134233
40136507
40144871
40147814
40148755
40149538
40155196
40156636
40157376
40169292
40172742
40174305
40176832
40178918
40180133
40189846
40190628
40192145
40195092
40196804
40205949
40208865
40208984
40211502
40211858
40215267
40220759
40224161
40224193
40224950
40230577
40230836
40231934
40235912
40236652
40236781
40238887
40239855
40242628
40244065
40246675
40248092
40260243
40260879
40261200
40265854
40276767
40276991
40277457
40278876
40279404
40280118
40280467
40280597
40281125
40285728
40289115
40292041
40299563
40300149
40301662
40302006
40302337
40309734
40311183
40311633
40315402
40315425
40315792
40318990
40325180
40327872
40330368
40335269
40336867
40337692
40337725
40339706
40344312
40352046
40353972
40354729
40355038
40359856
40361362
40362399
40363852
40371565
40374042
40374110
40375902
40379886
40381506
40381623
40383023
40385399
40385532
40387555
40387691
40389044
40389489
40390328
40392509
40393250
40393875
40393992
40396746
40401640
40407767
40413414
40415625
40416397
40419510
40427540
40430579
40430958
40432369
40438009
40439584
40446078
40446984
40447963
40450683
40452919
40454563
40455080
40458327
40458753
40459488
40467841
40468967
40470729
40475291
40482293
40484804
40494033
40496968
40502627
40502773
40503836
40512007
40517603
40519566
40520296
40520535
40524228
40524926
40524972
40528159
40533467
40535548
40536440
40540522
40548515
40550384
40551129
40555030
40556559
40560796
40561647
40561826
40571586
40577443
40580619
40583406
40585996
40586764
40587219
40589087
40590753
40591082
40591140
40594716
40600751
40605990
40606779
40613983
40614738
40615713
40616125
40623999
40624040
40628859
40629316
40629571
40630946
40635981
40637766
40639002
40640088
40640280
40646288
40654074
40670138
40670583
40673523
40673685
40683071
40683125
40683612
40684194
40685337
40687378
40691803
40691967
40696748
40698543
40701696
40704794
40705423
40706769
40713946
40714239
40715814
40716081
40716650
40716784
40718184
40719939
40720213
40721564
40721870
40723466
40724511
40726930
40729021
40730040
40731274
40732170
40732309
40735422
40736797
40739437
40747577
40748288
40750764
40751365
40752298
40753315
40755164
40761083
40761670
40762425
40763730
40764393
40765595
40765736
40774013
40774042
40779461
40780140
40781677
40784459
40787567
40789036
40792605
40800651
40804994
40806295
40806695
40806892
40811033
40811469
40811862
40813335
40813372
40818676
40821193
40821783
40823507
40824081
40828654
40829297
40830066
40833717
40837497
40846746
40846839
40849789
40854598
40857034
40857249
40864607
40872232
40874685
40875057
40875490
40877507
40877508
40877510
40882131
40885489
40886501
40892088
40893353
40895309
40899256
40903324
40908529
40909268
40909279
40909281
40909285
40920580
40920704
40929625
40932376
40937251
40938275
40939263
40939806
40946879
40946940
40947866
40948503
40949122
40951125
40953235
40957502
40961635
40970198
40970519
40979487
40988294
40989245
40989833
40990017
40992567
40992570
40993381
40995811
40996649
41002003
41004486
41006906
41012104
41013727
41023644
41026644
41032087
41035029
41043979
41049857
41051190
41053117
41056904
41056983
41058428
41059295
41061088
41062811
41063497
41065698
41066365
41068665
41070330
41070609
41071838
41079354
41080585
41087654
41087940
41096958
41097030
41098271
41098665
41100192
41106379
41112246
41112260
41114269
41117343
41118600
41118770
41126194
41127257
41129029
41129525
41133941
41138793
41141099
41147252
41149508
41150750
41151147
41152907
41153245
41154636
41155215
41156007
41159371
41163386
41166415
41169384
41176501
41176711
41180195
41180648
41185300
41185559
41187496
41194247
41194442
41196813
41200170
41200832
41204086
41208994
41214700
41216593
41218326
41219972
41223361
41225641
41226019
41230650
41231031
41236208
41239280
41241968
41242471
41243692
41243995
41245471
41247554
41249728
41253728
41257041
41260988
41263757
41266139
41268743
41270225
41274692
41285189
41289016
41289524
41292422
41296384
41297213
41298810
41305513
41309504
41309628
41309716
41310797
41310835
41311749
41312643
41313642
41317539
41319591
41319923
41320777
41321306
41321988
41324077
41324863
41329343
41330439
41335131
41346626
41347201
41351709
41354099
41355433
41355952
41356656
41358000
41359082
41362087
41368500
41369864
41371187
41373493
41373794
41375040
41378503
41383448
41383983
41385605
41385729
41387380
41387547
41388523
41388632
41390052
41403267
41406244
41406408
41410416
41411053
41422162
41424859
41437085
41438853
41443130
41443393
41445910
41447969
41451221
41459507
41459815
41463143
41463338
41463357
41466546
41471273
41475280
41476960
41476965
41479373
41481333
41482080
41483574
41484009
41486863
41490796
41490988
41493425
41495526
41498476
41503173
41510645
41512503
41512559
41513813
41514528
41519696
41520047
41522360
41528645
41539287
41541413
41544567
41544669
41545565
41550465
41558229
41560946
41561941
41562078
41565699
41566330
41566778
41570037
41570324
41574367
41574897
41575289
41576779
41579989
41587634
41589712
41590251
41592539
41593208
41593262
41595124
41595525
41596603
41597248
41598844
41600913
41604063
41611703
41612863
41613117
41614909
41620725
41620967
41621695
41621758
41621876
41624843
41628496
41630715
41631278
41635931
41643265
41643584
41650958
41651978
41656253
41659272
41659863
41663617
41670381
41670818
41672164
41676309
41680229
41680816
41685299
41685326
41694310
41694385
41696898
41701616
41702497
41702511
41703614
41703992
41709808
41710844
41712676
41714026
41721164
41728041
41729316
41731981
41736243
41738061
41748047
41749934
41752037
41752185
41753116
41757218
41760335
41767074
41769432
41773823
41774895
41775869
41779629
41791430
41793376
41794023
41794998
41795185
41795961
41798441
41800148
41804385
41806929
41809327
41816417
41824764
41825225
41827743
41828964
41830587
41832601
41833040
41834752
41836370
41838725
41839285
41842954
41844512
41844984
41853463
41855182
41856111
41856114
41857375
41860374
41862439
41865826
41868283
41872860
41873357
41876135
41876785
41877516
41877589
41882404
41882896
41886078
41892294
41894953
41895132
41898238
41907219
41908154
41908793
41912536
